function predictionHorizonModelType()

% Percolator 2
houseA_p2_tp = [1170.0, 1155.0, 1124.0, 1093.0, 1083.0, 1038.0, 1018.0, 945.0, 861.0, 750.0, 660.0, 518.0, 661.0, 367.0];
houseA_p2_fn = [52.0, 14.0, 98.0, 23.0, 139.0, 29.0, 204.0, 38.0, 356.0, 55.0, 549.0, 61.0, 548.0, 68.0];
houseA_p2_tpp = houseA_p2_tp ./ (houseA_p2_tp + houseA_p2_fn);


% Percolator
houseA_tp = [1163.0, 1163.0, 1111.0, 1111.0, 1060.0, 1060.0, 969.0, 969.0, 779.0, 778.0, 546.0, 506.0, 548.0, 361.0];
houseA_tn = [10066.0, 10120.0, 10012.0, 10122.0, 9966.0, 10127.0, 9886.0, 10140.0, 9742.0, 10195.0, 9624.0, 10320.0, 9551.0, 10439.0];
houseA_fp = [52.0, 51.0, 106.0, 102.0, 152.0, 146.0, 232.0, 217.0, 381.0, 340.0, 507.0, 441.0, 580.0, 466.0];
houseA_fn = [59.0, 6.0, 111.0, 5.0, 162.0, 7.0, 253.0, 14.0, 438.0, 27.0, 663.0, 73.0, 661.0, 74.0];
houseA_tpp = houseA_tp ./ (houseA_tp + houseA_fn);
houseA_cp = (houseA_tp + houseA_tn) ./ (houseA_tp + houseA_fn + houseA_tn + houseA_fp); 

% curTime
houseA_curTime_tp = [757.0, 730.0, 757.0, 697.0, 757.0, 666.0, 757.0, 596.0, 757.0, 472.0, 757.0, 331.0, 757.0, 250.0];
houseA_curTime_fn = [465.0, 439.0, 465.0, 419.0, 465.0, 401.0, 465.0, 387.0, 460.0, 333.0, 452.0, 248.0, 452.0, 185.0];
houseA_curTime_tn = [9269.0, 9341.0, 9269.0, 9417.0, 9269.0, 9494.0, 9269.0, 9633.0, 9274.0, 9869.0, 9282.0, 10262.0, 9282.0, 10562.0];
houseA_curTime_fp = [849.0, 830.0, 849.0, 807.0, 849.0, 779.0, 849.0, 724.0, 849.0, 666.0, 849.0, 499.0, 849.0, 343.0];
houseA_curTime_tpp = houseA_curTime_tp ./ (houseA_curTime_tp + houseA_curTime_fn);
houseA_curTime_cp = (houseA_curTime_tp + houseA_curTime_tn) ./ (houseA_curTime_tp + houseA_curTime_fn + houseA_curTime_tn + houseA_curTime_fp); 

% curRoomState
houseA_curRoomState_bathroom_tp = [133.0, 131.0, 128.0, 124.0, 123.0, 118.0, 114.0, 106.0, 85.0, 76.0, 36.0, 20.0, 46.0, 19.0];
houseA_curRoomState_bathroom_fn = [1089.0, 1038.0, 1094.0, 992.0, 1099.0, 949.0, 1108.0, 877.0, 1132.0, 729.0, 1173.0, 559.0, 1163.0, 416.0];
houseA_curRoomState_bathroom_tn = [10027.0, 10078.0, 10022.0, 10124.0, 10017.0, 10167.0, 10008.0, 10239.0, 9984.0, 10387.0, 9999.0, 10669.0, 10065.0, 10868.0];
houseA_curRoomState_bathroom_fp = [91.0, 93.0, 96.0, 100.0, 101.0, 106.0, 110.0, 118.0, 139.0, 148.0, 132.0, 92.0, 66.0, 37.0];

houseA_curRoomState_bedroom_tp = [185.0, 182.0, 175.0, 168.0, 165.0, 155.0, 143.0, 129.0, 103.0, 61.0, 59.0, 38.0, 61.0, 36.0];
houseA_curRoomState_bedroom_fn = [1037.0, 987.0, 1047.0, 948.0, 1057.0, 912.0, 1079.0, 854.0, 1114.0, 744.0, 1150.0, 541.0, 1148.0, 399.0];
houseA_curRoomState_bedroom_tn = [10007.0, 10057.0, 9997.0, 10096.0, 9987.0, 10132.0, 9965.0, 10190.0, 9930.0, 10374.0, 10042.0, 10725.0, 10044.0, 10867.0];
houseA_curRoomState_bedroom_fp = [111.0, 114.0, 121.0, 128.0, 131.0, 141.0, 153.0, 167.0, 193.0, 161.0, 89.0, 36.0, 87.0, 38.0];

houseA_curRoomState_diningRoom_tp = [433.0, 425.0, 419.0, 403.0, 406.0, 384.0, 378.0, 350.0, 322.0, 290.0, 272.0, 225.0, 242.0, 173.0];
houseA_curRoomState_diningRoom_fn = [789.0, 744.0, 803.0, 713.0, 816.0, 683.0, 844.0, 633.0, 895.0, 515.0, 937.0, 354.0, 967.0, 262.0];
houseA_curRoomState_diningRoom_tn = [9921.0, 9966.0, 9907.0, 9997.0, 9894.0, 10027.0, 9866.0, 10077.0, 9815.0, 10195.0, 9773.0, 10356.0, 9743.0, 10448.0];
houseA_curRoomState_diningRoom_fp = [197.0, 205.0, 211.0, 227.0, 224.0, 246.0, 252.0, 280.0, 308.0, 340.0, 358.0, 405.0, 388.0, 457.0];

houseA_curRoomState_kitchen_tp = [585.0, 575.0, 574.0, 554.0, 567.0, 539.0, 547.0, 454.0, 502.0, 389.0, 342.0, 309.0, 310.0, 243.0];
houseA_curRoomState_kitchen_fn = [637.0, 594.0, 648.0, 562.0, 655.0, 528.0, 675.0, 529.0, 715.0, 416.0, 867.0, 270.0, 899.0, 192.0];
houseA_curRoomState_kitchen_tn = [9794.0, 9837.0, 9783.0, 9869.0, 9776.0, 9903.0, 9756.0, 10205.0, 9716.0, 10318.0, 9867.0, 10464.0, 9835.0, 10542.0];
houseA_curRoomState_kitchen_fp = [324.0, 334.0, 335.0, 355.0, 342.0, 370.0, 362.0, 152.0, 407.0, 217.0, 264.0, 297.0, 296.0, 363.0];

houseA_curRoomState_livingRoom_tp = [695.0, 688.0, 683.0, 669.0, 671.0, 653.0, 651.0, 625.0, 610.0, 564.0, 543.0, 467.0, 506.0, 314.0];
houseA_curRoomState_livingRoom_fn = [527.0, 481.0, 539.0, 447.0, 551.0, 414.0, 571.0, 358.0, 607.0, 241.0, 666.0, 112.0, 703.0, 121.0];
houseA_curRoomState_livingRoom_tn = [9853.0, 9899.0, 9841.0, 9933.0, 9829.0, 9966.0, 9809.0, 10022.0, 9773.0, 10139.0, 9714.0, 10268.0, 9677.0, 10739.0];
houseA_curRoomState_livingRoom_fp = [265.0, 272.0, 277.0, 291.0, 289.0, 307.0, 309.0, 335.0, 350.0, 396.0, 417.0, 493.0, 454.0, 166.0];

houseA_curRoomState_mudroom_tp = [86.0, 85.0, 83.0, 80.0, 80.0, 75.0, 77.0, 66.0, 47.0, 42.0, 37.0, 28.0, 20.0, 11.0];
houseA_curRoomState_mudroom_fn = [1136.0, 1084.0, 1139.0, 1036.0, 1142.0, 992.0, 1145.0, 917.0, 1170.0, 763.0, 1172.0, 551.0, 1189.0, 424.0];
houseA_curRoomState_mudroom_tn = [10088.0, 10140.0, 10085.0, 10188.0, 10082.0, 10232.0, 10079.0, 10307.0, 10054.0, 10461.0, 10081.0, 10702.0, 10064.0, 10858.0];
houseA_curRoomState_mudroom_fp = [30.0, 31.0, 33.0, 36.0, 36.0, 41.0, 39.0, 50.0, 69.0, 74.0, 50.0, 59.0, 67.0, 47.0];

houseA_curRoomState_nursery_tp = [172.0, 171.0, 167.0, 165.0, 162.0, 159.0, 152.0, 147.0, 139.0, 125.0, 103.0, 82.0, 78.0, 40.0];
houseA_curRoomState_nursery_fn = [1050.0, 998.0, 1055.0, 951.0, 1060.0, 908.0, 1070.0, 836.0, 1078.0, 680.0, 1106.0, 497.0, 1131.0, 395.0];
houseA_curRoomState_nursery_tn = [10010.0, 10062.0, 10005.0, 10109.0, 10000.0, 10152.0, 9990.0, 10224.0, 9982.0, 10380.0, 9954.0, 10563.0, 9929.0, 10805.0];
houseA_curRoomState_nursery_fp = [108.0, 109.0, 113.0, 115.0, 118.0, 121.0, 128.0, 133.0, 141.0, 155.0, 177.0, 198.0, 202.0, 100.0];

houseA_curRoomState_tp = houseA_curRoomState_bathroom_tp + ...
    houseA_curRoomState_bedroom_tp + houseA_curRoomState_diningRoom_tp + ...
    houseA_curRoomState_kitchen_tp + houseA_curRoomState_livingRoom_tp + ...
    houseA_curRoomState_mudroom_tp + houseA_curRoomState_nursery_tp;

houseA_curRoomState_fn = houseA_curRoomState_bathroom_fn + ...
    houseA_curRoomState_bedroom_fn + houseA_curRoomState_diningRoom_fn + ...
    houseA_curRoomState_kitchen_fn + houseA_curRoomState_livingRoom_fn + ...
    houseA_curRoomState_mudroom_fn + houseA_curRoomState_nursery_fn;

houseA_curRoomState_tn = houseA_curRoomState_bathroom_tn + ...
    houseA_curRoomState_bedroom_tn + houseA_curRoomState_diningRoom_tn + ...
    houseA_curRoomState_kitchen_tn + houseA_curRoomState_livingRoom_tn + ...
    houseA_curRoomState_mudroom_tn + houseA_curRoomState_nursery_tn;

houseA_curRoomState_fp = houseA_curRoomState_bathroom_fp + ...
    houseA_curRoomState_bedroom_fp + houseA_curRoomState_diningRoom_fp + ...
    houseA_curRoomState_kitchen_fp + houseA_curRoomState_livingRoom_fp + ...
    houseA_curRoomState_mudroom_fp + houseA_curRoomState_nursery_fp;

houseA_curRoomState_tpp = houseA_curRoomState_tp ./ (houseA_curRoomState_tp + houseA_curRoomState_fn);
houseA_curRoomState_cp = (houseA_curRoomState_tp + houseA_curRoomState_tn) ./ (houseA_tp + houseA_curRoomState_fn + houseA_curRoomState_tn + houseA_curRoomState_fp); 


% curTimeState
houseA_curTimeState_bathroom_tp = [686.0, 652.0, 684.0, 619.0, 684.0, 593.0, 682.0, 541.0, 667.0, 445.0, 663.0, 297.0, 703.0, 240.0];
houseA_curTimeState_bathroom_fn = [536.0, 517.0, 538.0, 497.0, 538.0, 474.0, 540.0, 442.0, 550.0, 360.0, 546.0, 282.0, 506.0, 195.0];
houseA_curTimeState_bathroom_tn = [9479.0, 9550.0, 9471.0, 9613.0, 9457.0, 9668.0, 9435.0, 9767.0, 9410.0, 9997.0, 9360.0, 10323.0, 9352.0, 10552.0];
houseA_curTimeState_bathroom_fp = [639.0, 621.0, 647.0, 611.0, 661.0, 605.0, 683.0, 590.0, 713.0, 538.0, 771.0, 438.0, 779.0, 353.0];

houseA_curTimeState_bedroom_tp = [709.0, 672.0, 697.0, 631.0, 682.0, 593.0, 664.0, 533.0, 660.0, 444.0, 695.0, 335.0, 698.0, 255.0];
houseA_curTimeState_bedroom_fn = [513.0, 497.0, 525.0, 485.0, 540.0, 474.0, 558.0, 450.0, 557.0, 361.0, 514.0, 244.0, 511.0, 180.0];
